Costo de la solución encontrada: 6.44
Cluster no 1: 466,49,50,51,57,134,136,139,140,141,142,143,144,145,229,232,233,234,355,409,413,414,415,416,417,418,419,420,421,422,449,450,451,452,453,454,455,456,457,458,459,460,461,462,463,464,465,467,468.
Cluster no 2: 128,45,47,116,117,120,121,122,124,125,126,127,129,130,131,132,133,137,138,310,311,312,313,314.
Cluster no 3: 155,1,2,3,4,5,33,34,35,36,37,39,43,52,53,54,55,56,58,59,60,61,64,146,147,148,149,150,154,156,157,158,225,238,239,240,315,316,317,318,320,342,343,344,348,351,354,356,357,358,359,360,361,362,367,368,369,370,371,407,411,412,423,424,425,426,427,429,432,433,435,436,469.
Cluster no 4: 390,14,15,16,17,20,21,22,23,24,27,28,65,66,67,68,76,77,78,80,81,82,83,84,85,86,165,176,177,178,179,180,181,184,185,186,187,189,190,194,195,199,200,201,202,203,205,222,224,245,246,247,248,249,284,285,286,287,288,290,299,301,302,326,330,331,332,333,334,376,377,378,379,380,381,382,383,384,385,386,389,391,392,394,405,438.
Cluster no 5: 12,6,8,9,11,13,18,25,26,29,30,31,32,38,40,41,42,44,62,63,69,71,72,73,74,75,151,153,159,160,161,162,163,164,167,169,170,171,172,173,174,175,191,192,193,196,197,198,218,219,220,221,223,226,227,230,231,235,236,241,242,243,244,278,279,280,281,282,295,297,298,300,304,305,306,308,309,321,323,324,325,329,345,346,347,349,350,352,353,363,364,365,366,372,373,374,375,396,397,398,399,400,401,402,403,404,406,408,410,428,430,431,434,437,440,441,442,443,444,445.
Cluster no 6: 90,79,87,89,91,92,93,95,96,97,98,99,100,101,103,104,105,106,107,109,110,182,183,204,206,207,208,209,210,211,212,213,214,215,217,250,251,252,253,254,270,289,291,292,293,294,335,336,337,338,339,340,341,387,388,393,395,439,446,447,448.
Cluster no 7: 113,112,114,115,256,257,258,259,260,261,263,264,265,266,267,268,269,271,272,273,274,275,276,277.
Cluster no 8: 307,7,10,19,70,88,94,102,108,111,152,166,168,188,216,228,237,255,262,283,296,303,319,322,327,328.
Cluster no 9: 46,48,118,119,123,135.
_________________________________________________________________