Costo de la solución encontrada: 1.21
Cluster no 1: 344,5,39,43,151,158,316,343,368,369,371,436.
Cluster no 2: 271,257,258,270,272,294.
Cluster no 3: 259,260,261,273,274.
Cluster no 4: 311,120,121,122,124,125,126,128,129,312,313,314.
Cluster no 5: 47,45,130,131,132,133,137,138.
Cluster no 6: 135,46,48.
Cluster no 7: 113,112,256,275,276.
Cluster no 8: 115.
Cluster no 9: 263,264,265,266,267,268,269.
Cluster no 10: 165,14,16,17,20,21,27,66,67,68,76,194,195,224,284,285,286,287,299,330,331,332,333,377,378,379,380,382,405.
Cluster no 11: 186,82,84,85,176,177,179,180,181,185,189,199,200,201,202,203,383,384,389,391.
Cluster no 12: 81,24,77,78,83,178,184,248,288,381,390.
Cluster no 13: 217,110,211,212,213,447,448.
Cluster no 14: 301,15,22,23,26,28,65,171,174,175,222,300,302,326,334,376,444,445.
Cluster no 15: 221,11,13,18,31,32,75,170,172,173,192,193,198,219,278,281,282,298,309,323,325,329,375,397,403,404,442,443.
Cluster no 16: 91,90,92,95,98,106,207,208,209,214,215,252,337.
Cluster no 17: 100,89,93,97,104,105,183,206,292,336.
Cluster no 18: 250,79,87,99,182,204,251,253,289,291,293,387,388,393,395,439.
Cluster no 19: 102,88,94,108,216.
Cluster no 20: 36,1,2,3,34,60,61,148,149,155,157,225,238,240,315,318,320,360,362,367,426,427,432,435.
Cluster no 21: 467,51,136,142,143,144,234,420,422,452,453,454,455,460,461,462,468.
Cluster no 22: 103,96,101,107,109,210,254,335,338,339,340,341,446.
Cluster no 23: 364,8,9,25,29,40,42,62,63,153,163,167,196,223,226,230,231,241,244,305,321,347,350,366,399,402,428,431,434.
Cluster no 24: 365,6,38,41,44,159,160,161,227,235,236,345,346,349,352,353,363,372,373,406,408,430,437.
Cluster no 25: 7,10,152,166,168,228,237,319,328.
Cluster no 26: 307,19,70,188,283,296,303,322,327.
Cluster no 27: 118.
Cluster no 28: 359,146,154,239,317,356,357,358,411,423,425.
Cluster no 29: 469,52,53,54,55,56,58,59,147,354,424.
Cluster no 30: 4,33,35,37,64,150,156,342,348,351,361,370,407,412,429,433.
Cluster no 31: 50,49,134,139,140,141,413,414,415,449.
Cluster no 32: 169,12,30,69,71,72,73,74,162,164,191,197,218,220,242,243,279,280,295,297,304,306,308,324,374,396,398,400,401,410,440,441.
Cluster no 33: 116,117,127,310.
Cluster no 34: 246,80,86,187,190,205,245,247,249,290,385,386,392,394,438.
Cluster no 35: 111,255,262.
Cluster no 36: 114,277.
Cluster no 37: 123,119.
Cluster no 38: 458,232,233,417,418,419,450,451,456,457,459,463,464,465,466.
Cluster no 39: 409,57,145,229,355,416,421.
_________________________________________________________________